3 4
0.0 0.10 0.102
0.0 0.002 0.18 0.20

100 2
2 178 10

1.0 1.0
1.0 1.01 1.0 

6

2
61200
0 2
0
0

3
22 1000
0 1
2
0

3 
22 150 
1 2
3
0

2
0 
0 2
0
1

3
22 150
2 3
1
1

3
22 150
0 3
2
1


4

-1
0 1
2 3

0
0 1
1 2

1
0 2
0 1

1
1 2
1 3

============= kastryulya 1, narrow

=============================================================


2 2
0 10
0 10

10
10

1.0 
1.0

4

1
5
0 1
0
0

1
5
0 1
1
0

1
5
0 1
0
1

2
123123123
0 1
1
1

1

0
0 1
0 1

  
====================  10x10 squares of a=1, w/ bound2 ->

3 3
0 5 10
0 10

5 5
10

1.0 1.0 
1.0

4

1
5 
0 2
0
0

1
5 
0 2
1
0

1
5 
0 1
0
1

3
5 
0 1
2
1

2

0
0 1
0 2

1
1 2
0 2

===================== 10x10 squares of a=1, w/ bound3 ->

2 2
0 10
0 10

10
10

1.0 
1.0

4

1
5
0 1
0
0

1
5
0 1
1
0

1
5
0 1
0
1

1
5
0 1
1
1

1

0
0 1
0 1
  
====================  10x10 squares of a=1, w/ bound1

3 4
0.0 0.10 0.102
0.0 0.002 0.18 0.20

101 2
2 178 21

1.0 1.0
1.0 1.0 1.0 

6

2
61200
0 2
0
0

3
22 1000
0 1
2
0

3 
22 150 
1 2
3
0

2
0 
0 2
0
1

3
22 150
2 3
1
1

3
22 150
0 3
2
1


4

-1
0 1
2 3

0
0 1
1 2

1
0 2
0 1

1
1 2
1 3

============= kastryulya 1, narrow


nX nY
X1 X2 X3...  | <nX>
Y1 Y2 Y2...  | <nY>

Xs1, Xs2...  | <nX - 1>
Ys1, Ys2...	 | <nY - 1>

Xr1, Xr2...	 | <nX - 1>
Yr1, Yr2...  | <nY - 1>

nBounds

boundNum		  \ <1 || 2 || 3>
value1 value2 | 
P1 P2			  | nBounds <P1 < P2>
Q				  |
axis  		  /  <0 = horizontal, 1 = vertical> 

nAreas

mat_n  \
X1 X2   | nAreas
Y1 Y2  / 
.       
.      


