0 0
0.01 0
0.02 0
0.03 0
0.04 0
0.05 0
0.06 0
0.07 0
0.08 0
0.09 0
0.1 0
0.102 0
0 0.002
0.01 0.002
0.02 0.002
0.03 0.002
0.04 0.002
0.05 0.002
0.06 0.002
0.07 0.002
0.08 0.002
0.09 0.002
0.1 0.002
0.102 0.002
0 0.0109
0.01 0.0109
0.02 0.0109
0.03 0.0109
0.04 0.0109
0.05 0.0109
0.06 0.0109
0.07 0.0109
0.08 0.0109
0.09 0.0109
0.1 0.0109
0.102 0.0109
0 0.0198
0.01 0.0198
0.02 0.0198
0.03 0.0198
0.04 0.0198
0.05 0.0198
0.06 0.0198
0.07 0.0198
0.08 0.0198
0.09 0.0198
0.1 0.0198
0.102 0.0198
0 0.0287
0.01 0.0287
0.02 0.0287
0.03 0.0287
0.04 0.0287
0.05 0.0287
0.06 0.0287
0.07 0.0287
0.08 0.0287
0.09 0.0287
0.1 0.0287
0.102 0.0287
0 0.0376
0.01 0.0376
0.02 0.0376
0.03 0.0376
0.04 0.0376
0.05 0.0376
0.06 0.0376
0.07 0.0376
0.08 0.0376
0.09 0.0376
0.1 0.0376
0.102 0.0376
0 0.0465
0.01 0.0465
0.02 0.0465
0.03 0.0465
0.04 0.0465
0.05 0.0465
0.06 0.0465
0.07 0.0465
0.08 0.0465
0.09 0.0465
0.1 0.0465
0.102 0.0465
0 0.0554
0.01 0.0554
0.02 0.0554
0.03 0.0554
0.04 0.0554
0.05 0.0554
0.06 0.0554
0.07 0.0554
0.08 0.0554
0.09 0.0554
0.1 0.0554
0.102 0.0554
0 0.0643
0.01 0.0643
0.02 0.0643
0.03 0.0643
0.04 0.0643
0.05 0.0643
0.06 0.0643
0.07 0.0643
0.08 0.0643
0.09 0.0643
0.1 0.0643
0.102 0.0643
0 0.0732
0.01 0.0732
0.02 0.0732
0.03 0.0732
0.04 0.0732
0.05 0.0732
0.06 0.0732
0.07 0.0732
0.08 0.0732
0.09 0.0732
0.1 0.0732
0.102 0.0732
0 0.0821
0.01 0.0821
0.02 0.0821
0.03 0.0821
0.04 0.0821
0.05 0.0821
0.06 0.0821
0.07 0.0821
0.08 0.0821
0.09 0.0821
0.1 0.0821
0.102 0.0821
0 0.091
0.01 0.091
0.02 0.091
0.03 0.091
0.04 0.091
0.05 0.091
0.06 0.091
0.07 0.091
0.08 0.091
0.09 0.091
0.1 0.091
0.102 0.091
0 0.0999
0.01 0.0999
0.02 0.0999
0.03 0.0999
0.04 0.0999
0.05 0.0999
0.06 0.0999
0.07 0.0999
0.08 0.0999
0.09 0.0999
0.1 0.0999
0.102 0.0999
0 0.1088
0.01 0.1088
0.02 0.1088
0.03 0.1088
0.04 0.1088
0.05 0.1088
0.06 0.1088
0.07 0.1088
0.08 0.1088
0.09 0.1088
0.1 0.1088
0.102 0.1088
0 0.1177
0.01 0.1177
0.02 0.1177
0.03 0.1177
0.04 0.1177
0.05 0.1177
0.06 0.1177
0.07 0.1177
0.08 0.1177
0.09 0.1177
0.1 0.1177
0.102 0.1177
0 0.1266
0.01 0.1266
0.02 0.1266
0.03 0.1266
0.04 0.1266
0.05 0.1266
0.06 0.1266
0.07 0.1266
0.08 0.1266
0.09 0.1266
0.1 0.1266
0.102 0.1266
0 0.1355
0.01 0.1355
0.02 0.1355
0.03 0.1355
0.04 0.1355
0.05 0.1355
0.06 0.1355
0.07 0.1355
0.08 0.1355
0.09 0.1355
0.1 0.1355
0.102 0.1355
0 0.1444
0.01 0.1444
0.02 0.1444
0.03 0.1444
0.04 0.1444
0.05 0.1444
0.06 0.1444
0.07 0.1444
0.08 0.1444
0.09 0.1444
0.1 0.1444
0.102 0.1444
0 0.1533
0.01 0.1533
0.02 0.1533
0.03 0.1533
0.04 0.1533
0.05 0.1533
0.06 0.1533
0.07 0.1533
0.08 0.1533
0.09 0.1533
0.1 0.1533
0.102 0.1533
0 0.1622
0.01 0.1622
0.02 0.1622
0.03 0.1622
0.04 0.1622
0.05 0.1622
0.06 0.1622
0.07 0.1622
0.08 0.1622
0.09 0.1622
0.1 0.1622
0.102 0.1622
0 0.1711
0.01 0.1711
0.02 0.1711
0.03 0.1711
0.04 0.1711
0.05 0.1711
0.06 0.1711
0.07 0.1711
0.08 0.1711
0.09 0.1711
0.1 0.1711
0.102 0.1711
0 0.18
0.01 0.18
0.02 0.18
0.03 0.18
0.04 0.18
0.05 0.18
0.06 0.18
0.07 0.18
0.08 0.18
0.09 0.18
0.1 0.18
0.102 0.18
0 0.19
0.01 0.19
0.02 0.19
0.03 0.19
0.04 0.19
0.05 0.19
0.06 0.19
0.07 0.19
0.08 0.19
0.09 0.19
0.1 0.19
0.102 0.19
0 0.2
0.01 0.2
0.02 0.2
0.03 0.2
0.04 0.2
0.05 0.2
0.06 0.2
0.07 0.2
0.08 0.2
0.09 0.2
0.1 0.2
0.102 0.2
